
1000000 	16      0.001042	0.001884	0.013756	0.553079	0.075749
1000000 	16      0.000902	0.001266	0.010108	0.712480	0.089236
1000000 	16      0.000898	0.001255	0.010291	0.715538	0.087261
1000000 	16      0.001225	0.001485	0.010553	0.824916	0.116081
1000000 	16      0.000839	0.001242	0.010696	0.675523	0.078441
1000000 	16      0.000915	0.001361	0.009074	0.672300	0.100838
1000000 	16      0.000869	0.001351	0.007712	0.643227	0.112682
1000000 	16      0.000864	0.001381	0.011449	0.625634	0.075465
1000000 	16      0.001401	0.005038	0.014471	0.278087	0.096814
1000000 	16      0.000859	0.001236	0.011745	0.694984	0.073138
1000000 	16      0.000966	0.001233	0.014072	0.783455	0.068647
1000000 	16      0.002851	0.010126	0.016507	0.281552	0.172715
1000000 	16      0.001052	0.001936	0.021983	0.543388	0.047855
1000000 	16      0.000853	0.001320	0.011379	0.646212	0.074963
1000000 	16      0.002687	0.001166	0.009449	2.304460	0.284369
1000000 	16      0.002320	0.001296	0.028940	1.790123	0.080166
1000000 	16      0.000912	0.001242	0.012283	0.734300	0.074249
1000000 	16      0.000839	0.001353	0.011864	0.620103	0.070718
1000000 	16      0.001090	0.001379	0.010525	0.790428	0.103563
1000000 	16      0.000935	0.001760	0.015071	0.531250	0.062040
1000000 	16      0.001062	0.001595	0.013482	0.665831	0.078772
1000000 	16      0.000866	0.001621	0.014795	0.534238	0.058533
1000000 	16      0.001032	0.001681	0.011822	0.613920	0.087295
1000000 	16      0.000884	0.001999	0.013839	0.442221	0.063877
1000000 	16      0.000843	0.001216	0.013452	0.693257	0.062667
1000000 	16      0.000965	0.001220	0.008673	0.790984	0.111265
1000000 	16      0.000918	0.001253	0.006819	0.732642	0.134624
1000000 	16      0.000890	0.001697	0.012823	0.524455	0.069407
1000000 	16      0.000881	0.001329	0.010955	0.662904	0.080420
1000000 	16      0.000866	0.001283	0.014740	0.674981	0.058752
1000000 	16      0.001002	0.001301	0.013119	0.770177	0.076378
1000000 	16      0.000867	0.001309	0.012009	0.662338	0.072196
1000000 	16      0.001406	0.003352	0.021422	0.419451	0.065633
1000000 	16      0.000927	0.001412	0.008036	0.656516	0.115356
1000000 	16      0.000885	0.001241	0.009214	0.713135	0.096049
1000000 	16      0.000883	0.001442	0.010503	0.612344	0.084071
1000000 	16      0.001033	0.001301	0.012236	0.794005	0.084423
1000000 	16      0.000865	0.001402	0.011590	0.616976	0.074633
1000000 	16      0.001073	0.005191	0.012402	0.206704	0.086518
1000000 	16      0.000999	0.001199	0.008679	0.833194	0.115105
1000000 	16      0.001640	0.002776	0.014906	0.590778	0.110023
1000000 	16      0.000920	0.001328	0.014140	0.692771	0.065064
1000000 	16      0.001058	0.001203	0.008348	0.879468	0.126737
1000000 	16      0.001431	0.001201	0.011130	1.191507	0.128571
1000000 	16      0.001127	0.001243	0.013691	0.906677	0.082317
1000000 	16      0.001144	0.001649	0.011015	0.693754	0.103858
1000000 	16      0.000882	0.001363	0.007888	0.647102	0.111815
1000000 	16      0.000869	0.001339	0.012667	0.648992	0.068603
1000000 	16      0.001070	0.001397	0.009367	0.765927	0.114231
1000000 	16      0.000879	0.001412	0.015983	0.622521	0.054996
1000000 	16      0.000916	0.001270	0.010012	0.721260	0.091490
1000000 	16      0.000921	0.001266	0.010933	0.727488	0.084240
1000000 	16      0.000952	0.001136	0.016939	0.838028	0.056202
1000000 	16      0.000944	0.001225	0.009374	0.770612	0.100704
1000000 	16      0.000870	0.001324	0.013928	0.657100	0.062464
1000000 	16      0.000901	0.001347	0.012445	0.668894	0.072399
1000000 	16      0.001252	0.002692	0.008847	0.465082	0.141517
1000000 	16      0.000945	0.001538	0.011935	0.614434	0.079179
1000000 	16      0.001407	0.002177	0.010957	0.646302	0.128411
1000000 	16      0.001519	0.001231	0.010654	1.233956	0.142576
1000000 	16      0.000917	0.001607	0.013855	0.570629	0.066185
1000000 	16      0.001279	0.001554	0.020008	0.823037	0.063924
1000000 	16      0.001798	0.004223	0.015543	0.425764	0.115679
1000000 	16      0.000922	0.001365	0.008164	0.675458	0.112935
1000000 	16      0.000877	0.001338	0.010597	0.655456	0.082759
1000000 	16      0.001188	0.001945	0.014596	0.610797	0.081392
1000000 	16      0.000901	0.001567	0.026799	0.574984	0.033621
1000000 	16      0.002055	0.001281	0.011214	1.604216	0.183253
1000000 	16      0.001409	0.001531	0.011988	0.920314	0.117534
1000000 	16      0.000850	0.001438	0.008813	0.591099	0.096448
1000000 	16      0.000982	0.001294	0.012682	0.758887	0.077433
1000000 	16      0.000937	0.001463	0.012578	0.640465	0.074495
1000000 	16      0.001039	0.001273	0.010771	0.816182	0.096463
1000000 	16      0.000898	0.001359	0.013075	0.660780	0.068681
1000000 	16      0.000861	0.001924	0.009789	0.447505	0.087956
1000000 	16      0.002052	0.001779	0.011299	1.153457	0.181609
1000000 	16      0.001069	0.002684	0.009500	0.398286	0.112526
1000000 	16      0.001151	0.001430	0.006813	0.804895	0.168942
1000000 	16      0.001193	0.001387	0.011009	0.860130	0.108366
1000000 	16      0.000935	0.001200	0.011376	0.779167	0.082191
1000000 	16      0.001649	0.001300	0.011273	1.268461	0.146279
1000000 	16      0.000936	0.001334	0.010362	0.701649	0.090330
1000000 	16      0.000881	0.001417	0.013120	0.621736	0.067149
1000000 	16      0.000877	0.001259	0.009225	0.696585	0.095068
1000000 	16      0.002052	0.001165	0.007871	1.761373	0.260704
1000000 	16      0.000885	0.001325	0.006520	0.667925	0.135736
1000000 	16      0.000869	0.001174	0.015889	0.740204	0.054692
1000000 	16      0.000890	0.001351	0.012230	0.658771	0.072772
1000000 	16      0.001060	0.002665	0.009392	0.397749	0.112862
1000000 	16      0.002223	0.001304	0.015236	1.704754	0.145904
1000000 	16      0.000975	0.002735	0.010798	0.356490	0.090294
1000000 	16      0.000910	0.001646	0.010776	0.552855	0.084447
1000000 	16      0.000924	0.002252	0.022018	0.410302	0.041966
1000000 	16      0.000888	0.001352	0.011728	0.656805	0.075716
1000000 	16      0.000993	0.001269	0.013478	0.782506	0.073676
1000000 	16      0.000973	0.001468	0.010563	0.662807	0.092114
1000000 	16      0.000825	0.001235	0.009660	0.668016	0.085404
1000000 	16      0.000835	0.001253	0.009198	0.666401	0.090781
1000000 	16      0.001611	0.001774	0.012026	0.908117	0.133960
1000000 	16      0.000982	0.001266	0.013668	0.775671	0.071847