
100000000	16      0.114166	0.094576	1.428116	1.207135	0.079942
100000000	16      0.099853	0.093293	1.431913	1.070316	0.069734
100000000	16      0.113518	0.105231	1.438490	1.078750	0.078915
100000000	16      0.109461	0.105539	1.475609	1.037162	0.074180
100000000	16      0.116424	0.096050	1.435321	1.212119	0.081114
100000000	16      0.111306	0.098841	1.418378	1.126112	0.078474
100000000	16      0.102265	0.110956	1.424929	0.921672	0.071768
100000000	16      0.104166	0.095906	1.404746	1.086126	0.074153
100000000	16      0.121822	0.094356	1.415914	1.291089	0.086038
100000000	16      0.118779	0.103881	1.433877	1.143414	0.082838
100000000	16      0.102099	0.096795	1.440342	1.054796	0.070885
100000000	16      0.106006	0.104410	1.414313	1.015286	0.074952
100000000	16      0.113298	0.094162	1.403341	1.203224	0.080734
100000000	16      0.116764	0.093663	1.430642	1.246640	0.081617
100000000	16      0.094215	0.109706	1.421540	0.858795	0.066277
100000000	16      0.108617	0.124502	1.461285	0.872412	0.074330
100000000	16      0.115294	0.093949	1.440376	1.227198	0.080044
100000000	16      0.157382	0.127160	2.023379	1.237669	0.077782
100000000	16      0.108832	0.113713	1.602794	0.957076	0.067901
100000000	16      0.086798	0.087796	1.423832	0.988633	0.060961
100000000	16      0.088497	0.088388	1.410393	1.001233	0.062746
100000000	16      0.087088	0.089550	1.387785	0.972507	0.062753
100000000	16      0.087364	0.094400	1.389695	0.925466	0.062866
100000000	16      0.098465	0.088153	1.431096	1.116979	0.068804
100000000	16      0.086339	0.106223	1.391456	0.812809	0.062049
100000000	16      0.086030	0.089061	1.407255	0.965967	0.061133
100000000	16      0.086057	0.090650	1.397056	0.949333	0.061599
100000000	16      0.094387	0.087845	1.401859	1.074472	0.067330
100000000	16      0.088348	0.102729	1.433777	0.860010	0.061619
100000000	16      0.086388	0.097335	1.411347	0.887533	0.061210
100000000	16      0.086180	0.088266	1.391615	0.976367	0.061928
100000000	16      0.098439	0.088434	1.391151	1.113135	0.070761
100000000	16      0.086256	0.092827	1.395900	0.929212	0.061792
100000000	16      0.100221	0.092875	1.399018	1.079095	0.071637
100000000	16      0.086560	0.096648	1.411582	0.895621	0.061321
100000000	16      0.085821	0.091730	1.415178	0.935583	0.060643
100000000	16      0.086729	0.087148	1.388386	0.995192	0.062467
100000000	16      0.086139	0.087746	1.406953	0.981686	0.061224
100000000	16      0.106727	0.088233	1.388395	1.209604	0.076871
100000000	16      0.097743	0.087697	1.439673	1.114553	0.067892
100000000	16      0.085526	0.095548	1.400942	0.895110	0.061049
100000000	16      0.086123	0.100093	1.382878	0.860430	0.062278
100000000	16      0.086473	0.087188	1.412985	0.991799	0.061199
100000000	16      0.099423	0.088318	1.411340	1.125739	0.070446
100000000	16      0.086319	0.100658	1.445095	0.857547	0.059732
100000000	16      0.086633	0.094458	1.395543	0.917159	0.062078
100000000	16      0.097763	0.087849	1.389451	1.112853	0.070361
100000000	16      0.087323	0.103371	1.385635	0.844753	0.063020
100000000	16      0.086469	0.088358	1.402789	0.978621	0.061641
100000000	16      0.099017	0.087585	1.417208	1.130525	0.069868
100000000	16      0.086156	0.087314	1.421768	0.986738	0.060598
100000000	16      0.102583	0.087262	1.368528	1.175575	0.074959
100000000	16      0.085589	0.096907	1.395361	0.883208	0.061338
100000000	16      0.085030	0.093772	1.379328	0.906774	0.061646
100000000	16      0.094835	0.100948	1.441997	0.939444	0.065766
100000000	16      0.094314	0.087798	1.461680	1.074216	0.064524
100000000	16      0.106240	0.087761	1.381081	1.210560	0.076925
100000000	16      0.086710	0.094569	1.402582	0.916897	0.061822
100000000	16      0.086929	0.103814	1.381467	0.837353	0.062925
100000000	16      0.086531	0.100833	1.413084	0.858162	0.061236
100000000	16      0.086543	0.089879	1.427028	0.962883	0.060646
100000000	16      0.099599	0.088188	1.398568	1.129394	0.071215
100000000	16      0.087007	0.102689	1.400037	0.847287	0.062146
100000000	16      0.086721	0.087347	1.408123	0.992833	0.061586
100000000	16      0.100405	0.087742	1.378623	1.144321	0.072830
100000000	16      0.086428	0.087925	1.429529	0.982974	0.060459
100000000	16      0.108954	0.088550	1.380683	1.230423	0.078913
100000000	16      0.087212	0.088468	1.411705	0.985803	0.061778
100000000	16      0.098263	0.087890	1.385226	1.118022	0.070936
100000000	16      0.086670	0.096630	1.384931	0.896926	0.062581
100000000	16      0.090974	0.094082	1.411643	0.966965	0.064445
100000000	16      0.104896	0.088083	1.404435	1.190877	0.074689
100000000	16      0.093827	0.087783	1.398448	1.068852	0.067094
100000000	16      0.086667	0.100628	1.386669	0.861261	0.062500
100000000	16      0.099884	0.087910	1.396241	1.136208	0.071538
100000000	16      0.102877	0.108388	1.380085	0.949155	0.074544
100000000	16      0.088439	0.089319	1.440703	0.990148	0.061386
100000000	16      0.087178	0.088042	1.400950	0.990187	0.062228
100000000	16      0.097074	0.087523	1.391020	1.109126	0.069786
100000000	16      0.097351	0.106078	1.440173	0.917730	0.067597
100000000	16      0.104263	0.090178	1.443631	1.156191	0.072223
100000000	16      0.103958	0.092548	1.598942	1.123287	0.065017
100000000	16      0.107866	0.107272	1.871599	1.005537	0.057633
100000000	16      0.140367	0.093943	1.445078	1.494172	0.097135
100000000	16      0.102311	0.107633	1.463081	0.950554	0.069928
100000000	16      0.115752	0.095556	1.425317	1.211352	0.081211
100000000	16      0.101897	0.108674	1.397096	0.937639	0.072935
100000000	16      0.111726	0.094147	1.431244	1.186719	0.078062
100000000	16      0.100606	0.101611	1.423345	0.990110	0.070683
100000000	16      0.100043	0.114318	1.435323	0.875129	0.069701
100000000	16      0.114063	0.095701	1.477370	1.191868	0.077207
100000000	16      0.102255	0.092381	1.433085	1.106883	0.071353
100000000	16      0.115632	0.098036	1.419896	1.179485	0.081437
100000000	16      0.100505	0.101076	1.414869	0.994351	0.071035
100000000	16      0.119119	0.094452	1.427979	1.261159	0.083418
100000000	16      0.096005	0.108572	1.403946	0.884252	0.068382
100000000	16      0.108910	0.096038	1.420541	1.134030	0.076668
100000000	16      0.102483	0.095419	1.490586	1.074031	0.068753
100000000	16      0.115050	0.094289	1.441602	1.220185	0.079807
100000000	16      0.102734	0.095213	1.428461	1.078991	0.071919