
1000000 	8       0.001018	0.001194	0.004473	0.852596	0.227588
1000000 	8       0.000979	0.001103	0.006152	0.887579	0.159135
1000000 	8       0.001000	0.001150	0.003311	0.869565	0.302024
1000000 	8       0.000894	0.001171	0.005681	0.763450	0.157367
1000000 	8       0.000867	0.001486	0.006858	0.583445	0.126422
1000000 	8       0.000852	0.001171	0.004140	0.727583	0.205797
1000000 	8       0.000885	0.001123	0.004750	0.788068	0.186316
1000000 	8       0.000859	0.001152	0.004200	0.745660	0.204524
1000000 	8       0.000940	0.001194	0.004504	0.787270	0.208703
1000000 	8       0.002143	0.001059	0.004317	2.023607	0.496410
1000000 	8       0.000912	0.001736	0.005787	0.525346	0.157595
1000000 	8       0.000983	0.001214	0.003518	0.809720	0.279420
1000000 	8       0.000978	0.003265	0.005507	0.299541	0.177592
1000000 	8       0.001381	0.001496	0.005222	0.923128	0.264458
1000000 	8       0.002481	0.004164	0.008642	0.595821	0.287086
1000000 	8       0.000956	0.001141	0.006352	0.837862	0.150504
1000000 	8       0.001302	0.001274	0.004792	1.021978	0.271703
1000000 	8       0.000909	0.001116	0.006449	0.814516	0.140952
1000000 	8       0.000853	0.001207	0.003783	0.706711	0.225482
1000000 	8       0.000927	0.001215	0.003802	0.762963	0.243819
1000000 	8       0.001046	0.002747	0.004458	0.380779	0.234634
1000000 	8       0.000935	0.001214	0.005003	0.770181	0.186888
1000000 	8       0.000861	0.001233	0.003414	0.698307	0.252197
1000000 	8       0.001367	0.001439	0.005800	0.949965	0.235690
1000000 	8       0.000979	0.006927	0.003981	0.141331	0.245918
1000000 	8       0.001192	0.007517	0.016175	0.158574	0.073694
1000000 	8       0.001835	0.003331	0.006371	0.550886	0.288024
1000000 	8       0.000897	0.001088	0.005218	0.824449	0.171905
1000000 	8       0.000917	0.001088	0.003970	0.842831	0.230982
1000000 	8       0.001008	0.001273	0.004708	0.791830	0.214104
1000000 	8       0.001781	0.001482	0.015388	1.201754	0.115740
1000000 	8       0.002423	0.001213	0.003148	1.997527	0.769695
1000000 	8       0.000940	0.001212	0.004589	0.775578	0.204838
1000000 	8       0.000862	0.001161	0.006626	0.742463	0.130094
1000000 	8       0.001003	0.001147	0.004866	0.874455	0.206124
1000000 	8       0.000853	0.001150	0.005311	0.741739	0.160610
1000000 	8       0.001028	0.001350	0.004490	0.761481	0.228953
1000000 	8       0.001190	0.001085	0.003402	1.096774	0.349794
1000000 	8       0.000856	0.001086	0.003413	0.788214	0.250806
1000000 	8       0.001618	0.001312	0.008444	1.233232	0.191615
1000000 	8       0.001139	0.002014	0.006647	0.565541	0.171356
1000000 	8       0.002225	0.001226	0.005789	1.814845	0.384350
1000000 	8       0.000892	0.001152	0.004068	0.774306	0.219272
1000000 	8       0.000857	0.001051	0.003927	0.815414	0.218233
1000000 	8       0.001505	0.001393	0.004228	1.080402	0.355960
1000000 	8       0.000904	0.001266	0.004263	0.714060	0.212057
1000000 	8       0.000931	0.001439	0.006473	0.646977	0.143828
1000000 	8       0.002354	0.003519	0.004475	0.668940	0.526034
1000000 	8       0.001429	0.001424	0.004857	1.003511	0.294215
1000000 	8       0.000882	0.001735	0.004274	0.508357	0.206364
1000000 	8       0.000877	0.001235	0.003297	0.710121	0.265999
1000000 	8       0.000903	0.001207	0.006639	0.748136	0.136014
1000000 	8       0.001018	0.001243	0.004378	0.818986	0.232526
1000000 	8       0.000874	0.001179	0.006976	0.741306	0.125287
1000000 	8       0.000899	0.001224	0.007583	0.734477	0.118555
1000000 	8       0.000871	0.001087	0.005165	0.801288	0.168635
1000000 	8       0.000997	0.001210	0.004005	0.823967	0.248939
1000000 	8       0.001210	0.001376	0.006809	0.879360	0.177706
1000000 	8       0.000996	0.001266	0.006322	0.786730	0.157545
1000000 	8       0.001477	0.001445	0.008610	1.022145	0.171545
1000000 	8       0.000899	0.002381	0.006037	0.377572	0.148915
1000000 	8       0.000928	0.001221	0.002278	0.760033	0.407375
1000000 	8       0.001915	0.005006	0.009822	0.382540	0.194970
1000000 	8       0.000983	0.001132	0.003384	0.868375	0.290485
1000000 	8       0.000880	0.001264	0.004373	0.696203	0.201235
1000000 	8       0.001065	0.001280	0.005382	0.832031	0.197882
1000000 	8       0.000875	0.001253	0.005945	0.698324	0.147183
1000000 	8       0.000903	0.001198	0.004713	0.753756	0.191598
1000000 	8       0.000987	0.001263	0.003383	0.781473	0.291753
1000000 	8       0.000977	0.001174	0.003077	0.832198	0.317517
1000000 	8       0.000885	0.001964	0.003827	0.450611	0.231252
1000000 	8       0.000865	0.001114	0.005873	0.776481	0.147284
1000000 	8       0.001046	0.001128	0.007333	0.927305	0.142643
1000000 	8       0.002498	0.001215	0.005798	2.055967	0.430838
1000000 	8       0.000917	0.001323	0.003230	0.693122	0.283901
1000000 	8       0.000970	0.001206	0.004326	0.804312	0.224226
1000000 	8       0.001014	0.001098	0.006196	0.923497	0.163654
1000000 	8       0.000924	0.001155	0.004452	0.800000	0.207547
1000000 	8       0.001735	0.002419	0.009265	0.717239	0.187264
1000000 	8       0.001089	0.001441	0.007664	0.755725	0.142093
1000000 	8       0.000899	0.001391	0.007348	0.646298	0.122346
1000000 	8       0.000898	0.001431	0.003726	0.627533	0.241009
1000000 	8       0.000861	0.002236	0.007436	0.385063	0.115788
1000000 	8       0.001505	0.001635	0.011939	0.920489	0.126058
1000000 	8       0.000918	0.001259	0.003158	0.729150	0.290690
1000000 	8       0.000878	0.001205	0.003494	0.728631	0.251288
1000000 	8       0.000899	0.001249	0.004023	0.719776	0.223465
1000000 	8       0.000864	0.001051	0.005400	0.822074	0.160000
1000000 	8       0.000865	0.001499	0.005042	0.577051	0.171559
1000000 	8       0.000932	0.002779	0.004913	0.335372	0.189701
1000000 	8       0.000979	0.001313	0.008396	0.745621	0.116603
1000000 	8       0.000894	0.001950	0.003175	0.458462	0.281575
1000000 	8       0.001427	0.001505	0.004427	0.948173	0.322340
1000000 	8       0.000858	0.001182	0.004869	0.725888	0.176217
1000000 	8       0.000860	0.001204	0.005219	0.714286	0.164783
1000000 	8       0.000951	0.001277	0.002857	0.744714	0.332867
1000000 	8       0.001089	0.001413	0.007761	0.770701	0.140317
1000000 	8       0.000889	0.001205	0.004087	0.737759	0.217519
1000000 	8       0.000938	0.002039	0.008288	0.460029	0.113176
1000000 	8       0.000828	0.001212	0.006213	0.683168	0.133269