
10000   	4       0.000022	0.001613	0.000411	0.013639	0.053528
10000   	4       0.000021	0.001572	0.000418	0.013359	0.050239
10000   	4       0.000020	0.006437	0.007368	0.003107	0.002714
10000   	4       0.000021	0.002281	0.001334	0.009206	0.015742
10000   	4       0.000025	0.006236	0.000646	0.004009	0.038700
10000   	4       0.000013	0.004073	0.000413	0.003192	0.031477
10000   	4       0.000008	0.001418	0.000277	0.005642	0.028881
10000   	4       0.000008	0.000654	0.001253	0.012232	0.006385
10000   	4       0.000007	0.003338	0.000479	0.002097	0.014614
10000   	4       0.000007	0.000794	0.000104	0.008816	0.067308
10000   	4       0.000005	0.002223	0.003584	0.002249	0.001395
10000   	4       0.000004	0.002724	0.003081	0.001468	0.001298
10000   	4       0.000004	0.001399	0.002201	0.002859	0.001817
10000   	4       0.000006	0.002639	0.000294	0.002274	0.020408
10000   	4       0.000003	0.000412	0.000168	0.007282	0.017857
10000   	4       0.000004	0.000318	0.003992	0.012579	0.001002
10000   	4       0.000008	0.002166	0.000099	0.003693	0.080808
10000   	4       0.000003	0.003250	0.003997	0.000923	0.000751
10000   	4       0.000010	0.000404	0.003911	0.024752	0.002557
10000   	4       0.000007	0.003553	0.000113	0.001970	0.061947
10000   	4       0.000005	0.001570	0.000377	0.003185	0.013263
10000   	4       0.000005	0.004780	0.000108	0.001046	0.046296
10000   	4       0.000005	0.003903	0.000161	0.001281	0.031056
10000   	4       0.000004	0.002408	0.000403	0.001661	0.009926
10000   	4       0.000006	0.001174	0.002451	0.005111	0.002448
10000   	4       0.000003	0.001286	0.000736	0.002333	0.004076
10000   	4       0.000005	0.002911	0.000387	0.001718	0.012920
10000   	4       0.000003	0.000281	0.000239	0.010676	0.012552
10000   	4       0.000005	0.000466	0.000863	0.010730	0.005794
10000   	4       0.000004	0.000776	0.000865	0.005155	0.004624
10000   	4       0.000005	0.008374	0.005909	0.000597	0.000846
10000   	4       0.000010	0.005966	0.000167	0.001676	0.059880
10000   	4       0.000005	0.002071	0.002119	0.002414	0.002360
10000   	4       0.000009	0.002202	0.000123	0.004087	0.073171
10000   	4       0.000006	0.002245	0.000104	0.002673	0.057692
10000   	4       0.000018	0.003210	0.000467	0.005607	0.038544
10000   	4       0.000008	0.001476	0.003842	0.005420	0.002082
10000   	4       0.000022	0.002181	0.000214	0.010087	0.102804
10000   	4       0.000005	0.000316	0.005817	0.015823	0.000860
10000   	4       0.000016	0.001510	0.000286	0.010596	0.055944
10000   	4       0.000005	0.000881	0.000135	0.005675	0.037037
10000   	4       0.000005	0.003703	0.000159	0.001350	0.031447
10000   	4       0.000005	0.000549	0.002109	0.009107	0.002371
10000   	4       0.000004	0.000874	0.000079	0.004577	0.050633
10000   	4       0.000005	0.000293	0.000083	0.017065	0.060241
10000   	4       0.000005	0.001923	0.001056	0.002600	0.004735
10000   	4       0.000005	0.000410	0.001020	0.012195	0.004902
10000   	4       0.000004	0.001127	0.002081	0.003549	0.001922
10000   	4       0.000008	0.003904	0.006729	0.002049	0.001189
10000   	4       0.000004	0.003533	0.001558	0.001132	0.002567
10000   	4       0.000004	0.000312	0.000235	0.012821	0.017021
10000   	4       0.000004	0.002638	0.000789	0.001516	0.005070
10000   	4       0.000008	0.003373	0.004411	0.002372	0.001814
10000   	4       0.000004	0.000481	0.001095	0.008316	0.003653
10000   	4       0.000006	0.002717	0.004050	0.002208	0.001481
10000   	4       0.000005	0.002138	0.000126	0.002339	0.039683
10000   	4       0.000013	0.002096	0.000297	0.006202	0.043771
10000   	4       0.000015	0.001454	0.000111	0.010316	0.135135
10000   	4       0.000004	0.001133	0.001654	0.003530	0.002418
10000   	4       0.000004	0.002610	0.000133	0.001533	0.030075
10000   	4       0.000003	0.002770	0.001350	0.001083	0.002222
10000   	4       0.000016	0.001370	0.002738	0.011679	0.005844
10000   	4       0.000004	0.000290	0.000071	0.013793	0.056338
10000   	4       0.000005	0.000264	0.000923	0.018939	0.005417
10000   	4       0.000009	0.002852	0.000100	0.003156	0.090000
10000   	4       0.000012	0.000595	0.000116	0.020168	0.103448
10000   	4       0.000004	0.005465	0.000908	0.000732	0.004405
10000   	4       0.000006	0.000560	0.000461	0.010714	0.013015
10000   	4       0.000006	0.000688	0.000188	0.008721	0.031915
10000   	4       0.000005	0.000537	0.000718	0.009311	0.006964
10000   	4       0.000005	0.000438	0.003039	0.011416	0.001645
10000   	4       0.000005	0.000370	0.000075	0.013514	0.066667
10000   	4       0.000006	0.002231	0.000439	0.002689	0.013667
10000   	4       0.000005	0.000559	0.000187	0.008945	0.026738
10000   	4       0.000008	0.004079	0.002310	0.001961	0.003463
10000   	4       0.000004	0.004002	0.000356	0.001000	0.011236
10000   	4       0.000013	0.001047	0.000476	0.012416	0.027311
10000   	4       0.000004	0.002044	0.003991	0.001957	0.001002
10000   	4       0.000002	0.000435	0.002970	0.004598	0.000673
10000   	4       0.000059	0.001801	0.000096	0.032760	0.614583
10000   	4       0.000004	0.001172	0.000361	0.003413	0.011080
10000   	4       0.000004	0.002923	0.000099	0.001368	0.040404
10000   	4       0.000005	0.000413	0.001965	0.012107	0.002545
10000   	4       0.000006	0.000713	0.001034	0.008415	0.005803
10000   	4       0.000004	0.002060	0.000091	0.001942	0.043956
10000   	4       0.000004	0.002369	0.000166	0.001688	0.024096
10000   	4       0.000006	0.002154	0.002672	0.002786	0.002246
10000   	4       0.000006	0.001029	0.000132	0.005831	0.045455
10000   	4       0.000004	0.000364	0.000116	0.010989	0.034483
10000   	4       0.000006	0.000506	0.004372	0.011858	0.001372
10000   	4       0.000005	0.004619	0.000719	0.001082	0.006954
10000   	4       0.000006	0.005393	0.000887	0.001113	0.006764
10000   	4       0.000004	0.000366	0.003635	0.010929	0.001100
10000   	4       0.000006	0.002538	0.003989	0.002364	0.001504
10000   	4       0.000010	0.000477	0.000103	0.020964	0.097087
10000   	4       0.000004	0.000335	0.001535	0.011940	0.002606
10000   	4       0.000005	0.001755	0.001182	0.002849	0.004230
10000   	4       0.000006	0.000352	0.000079	0.017045	0.075949
10000   	4       0.000003	0.000248	0.000089	0.012097	0.033708
10000   	4       0.000006	0.002417	0.001313	0.002482	0.004570