
100000000	8       0.101314	0.098202	0.721143	1.031690	0.140491
100000000	8       0.116729	0.095639	0.732100	1.220517	0.159444
100000000	8       0.101425	0.105810	0.701889	0.958558	0.144503
100000000	8       0.114188	0.096045	0.712425	1.188901	0.160281
100000000	8       0.102774	0.093190	0.775012	1.102844	0.132610
100000000	8       0.104408	0.111262	0.748535	0.938398	0.139483
100000000	8       0.115539	0.093229	0.706953	1.239303	0.163432
100000000	8       0.113979	0.094314	0.723823	1.208506	0.157468
100000000	8       0.101315	0.105668	0.730600	0.958805	0.138674
100000000	8       0.115720	0.097496	0.715123	1.186920	0.161818
100000000	8       0.105422	0.107630	0.730001	0.979485	0.144414
100000000	8       0.116846	0.101456	0.766777	1.151691	0.152386
100000000	8       0.115225	0.095605	0.716884	1.205219	0.160730
100000000	8       0.103049	0.098844	0.715220	1.042542	0.144080
100000000	8       0.102803	0.104903	0.727036	0.979982	0.141400
100000000	8       0.114849	0.095591	0.718504	1.201462	0.159845
100000000	8       0.103479	0.110361	0.718235	0.937641	0.144074
100000000	8       0.099724	0.092624	0.728306	1.076654	0.136926
100000000	8       0.127276	0.102340	0.747448	1.243658	0.170281
100000000	8       0.101696	0.098688	0.708361	1.030480	0.143565
100000000	8       0.101202	0.098393	0.723730	1.028549	0.139834
100000000	8       0.111394	0.093040	0.708741	1.197270	0.157172
100000000	8       0.114408	0.098468	0.729301	1.161880	0.156874
100000000	8       0.101350	0.106365	0.693526	0.952851	0.146137
100000000	8       0.114164	0.093752	0.707444	1.217723	0.161375
100000000	8       0.107302	0.111807	0.753849	0.959707	0.142339
100000000	8       0.111512	0.097378	0.713308	1.145146	0.156331
100000000	8       0.114678	0.096049	0.717649	1.193953	0.159797
100000000	8       0.109245	0.104542	0.731727	1.044987	0.149297
100000000	8       0.115901	0.096029	0.719249	1.206938	0.161142
100000000	8       0.101860	0.106385	0.724596	0.957466	0.140575
100000000	8       0.100101	0.098348	0.721887	1.017825	0.138666
100000000	8       0.101870	0.115977	0.774433	0.878364	0.131541
100000000	8       0.101503	0.099534	0.704022	1.019782	0.144176
100000000	8       0.112883	0.093351	0.719204	1.209232	0.156955
100000000	8       0.097001	0.112289	0.725693	0.863851	0.133667
100000000	8       0.119133	0.094395	0.708355	1.262069	0.168183
100000000	8       0.108960	0.107426	0.722091	1.014280	0.150895
100000000	8       0.105412	0.103219	0.699139	1.021246	0.150774
100000000	8       0.102463	0.115308	0.778736	0.888603	0.131576
100000000	8       0.117823	0.089539	0.739634	1.315885	0.159299
100000000	8       0.114784	0.093761	0.719183	1.224219	0.159603
100000000	8       0.094648	0.111230	0.735297	0.850922	0.128721
100000000	8       0.102050	0.093638	0.727214	1.089835	0.140330
100000000	8       0.106696	0.094876	0.722956	1.124584	0.147583
100000000	8       0.103339	0.106262	0.717423	0.972493	0.144042
100000000	8       0.102866	0.096912	0.775953	1.061437	0.132567
100000000	8       0.116945	0.097435	0.727981	1.200236	0.160643
100000000	8       0.099078	0.106089	0.725020	0.933914	0.136656
100000000	8       0.095315	0.092221	0.743475	1.033550	0.128202
100000000	8       0.115587	0.094566	0.726219	1.222289	0.159163
100000000	8       0.101573	0.102642	0.706922	0.989585	0.143683
100000000	8       0.116419	0.094646	0.718670	1.230047	0.161992
100000000	8       0.102721	0.114840	0.746094	0.894471	0.137678
100000000	8       0.101641	0.097850	0.724893	1.038743	0.140215
100000000	8       0.105006	0.096953	0.697396	1.083061	0.150569
100000000	8       0.094242	0.106875	0.725466	0.881796	0.129905
100000000	8       0.114256	0.095188	0.715622	1.200319	0.159660
100000000	8       0.102395	0.093728	0.728331	1.092470	0.140589
100000000	8       0.099944	0.092156	0.717672	1.084509	0.139261
100000000	8       0.115020	0.094246	0.766940	1.220423	0.149973
100000000	8       0.101856	0.110437	0.711120	0.922300	0.143233
100000000	8       0.113776	0.094176	0.728336	1.208121	0.156214
100000000	8       0.111255	0.108957	0.725104	1.021091	0.153433
100000000	8       0.115226	0.097192	0.719878	1.185550	0.160063
100000000	8       0.102184	0.113040	0.704953	0.903963	0.144952
100000000	8       0.114708	0.093944	0.731336	1.221025	0.156847
100000000	8       0.102580	0.108414	0.761188	0.946188	0.134763
100000000	8       0.101994	0.091488	0.717244	1.114835	0.142203
100000000	8       0.114828	0.094544	0.712914	1.214546	0.161069
100000000	8       0.101370	0.098862	0.730122	1.025369	0.138840
100000000	8       0.107425	0.096462	0.723461	1.113651	0.148488
100000000	8       0.116196	0.093858	0.708349	1.237998	0.164038
100000000	8       0.113861	0.093355	0.723858	1.219656	0.157297
100000000	8       0.104702	0.108070	0.755491	0.968835	0.138588
100000000	8       0.115456	0.094303	0.713658	1.224309	0.161781
100000000	8       0.100701	0.101692	0.709129	0.990255	0.142007
100000000	8       0.135066	0.099500	0.756652	1.357447	0.178505
100000000	8       0.101870	0.108601	0.704824	0.938021	0.144533
100000000	8       0.115182	0.095811	0.722491	1.202179	0.159423
100000000	8       0.107583	0.096059	0.716307	1.119968	0.150191
100000000	8       0.105208	0.095477	0.738136	1.101920	0.142532
100000000	8       0.113160	0.096008	0.718446	1.178652	0.157507
100000000	8       0.103008	0.096901	0.714184	1.063023	0.144232
100000000	8       0.107933	0.112439	0.782123	0.959925	0.138000
100000000	8       0.101741	0.095691	0.719285	1.063224	0.141447
100000000	8       0.100654	0.092698	0.722496	1.085827	0.139314
100000000	8       0.095799	0.095488	0.736368	1.003257	0.130097
100000000	8       0.101435	0.095076	0.724108	1.066883	0.140083
100000000	8       0.111543	0.102275	0.724362	1.090618	0.153988
100000000	8       0.100745	0.099798	0.735251	1.009489	0.137021
100000000	8       0.115732	0.096811	0.772140	1.195443	0.149885
100000000	8       0.101543	0.104005	0.719359	0.976328	0.141158
100000000	8       0.113760	0.093552	0.709401	1.216008	0.160361
100000000	8       0.103598	0.103853	0.729675	0.997545	0.141978
100000000	8       0.116767	0.098646	0.721894	1.183697	0.161751
100000000	8       0.101370	0.104791	0.733181	0.967354	0.138261
100000000	8       0.114804	0.093631	0.709647	1.226132	0.161776
100000000	8       0.102426	0.101868	0.774379	1.005478	0.132269
100000000	8       0.107435	0.096497	0.737800	1.113351	0.145615