
10000   	8       0.000029	0.002745	0.004011	0.010565	0.007230
10000   	8       0.000004	0.001976	0.004749	0.002024	0.000842
10000   	8       0.000006	0.001526	0.000201	0.003932	0.029851
10000   	8       0.000006	0.001805	0.002420	0.003324	0.002479
10000   	8       0.000004	0.004597	0.001709	0.000870	0.002341
10000   	8       0.000005	0.000857	0.000777	0.005834	0.006435
10000   	8       0.000004	0.001145	0.003546	0.003493	0.001128
10000   	8       0.000002	0.000383	0.000156	0.005222	0.012821
10000   	8       0.000005	0.000476	0.000434	0.010504	0.011521
10000   	8       0.000003	0.000421	0.000174	0.007126	0.017241
10000   	8       0.000005	0.000424	0.002132	0.011792	0.002345
10000   	8       0.000004	0.000412	0.000179	0.009709	0.022346
10000   	8       0.000002	0.000549	0.003645	0.003643	0.000549
10000   	8       0.000002	0.002366	0.000205	0.000845	0.009756
10000   	8       0.000010	0.004704	0.000969	0.002126	0.010320
10000   	8       0.000004	0.000718	0.000416	0.005571	0.009615
10000   	8       0.000014	0.000701	0.000316	0.019971	0.044304
10000   	8       0.000002	0.000357	0.000159	0.005602	0.012579
10000   	8       0.000005	0.000514	0.003158	0.009728	0.001583
10000   	8       0.000004	0.002434	0.001702	0.001643	0.002350
10000   	8       0.000008	0.004120	0.003599	0.001942	0.002223
10000   	8       0.000003	0.002493	0.000726	0.001203	0.004132
10000   	8       0.000005	0.000987	0.000919	0.005066	0.005441
10000   	8       0.000015	0.000892	0.002671	0.016816	0.005616
10000   	8       0.000005	0.000881	0.002470	0.005675	0.002024
10000   	8       0.000019	0.001836	0.003102	0.010349	0.006125
10000   	8       0.000006	0.001791	0.003282	0.003350	0.001828
10000   	8       0.000007	0.005036	0.002542	0.001390	0.002754
10000   	8       0.000018	0.000605	0.001177	0.029752	0.015293
10000   	8       0.000005	0.004787	0.001771	0.001044	0.002823
10000   	8       0.000006	0.000501	0.002534	0.011976	0.002368
10000   	8       0.000006	0.000867	0.006634	0.006920	0.000904
10000   	8       0.000007	0.001972	0.003776	0.003550	0.001854
10000   	8       0.000006	0.010365	0.002407	0.000579	0.002493
10000   	8       0.000011	0.002756	0.001638	0.003991	0.006716
10000   	8       0.000005	0.000824	0.002462	0.006068	0.002031
10000   	8       0.000005	0.002382	0.000865	0.002099	0.005780
10000   	8       0.000004	0.002253	0.003990	0.001775	0.001003
10000   	8       0.000005	0.003231	0.004085	0.001548	0.001224
10000   	8       0.000009	0.005837	0.000574	0.001542	0.015679
10000   	8       0.000022	0.003891	0.000256	0.005654	0.085938
10000   	8       0.000006	0.001494	0.000834	0.004016	0.007194
10000   	8       0.000011	0.000731	0.000447	0.015048	0.024609
10000   	8       0.000005	0.002167	0.005760	0.002307	0.000868
10000   	8       0.000005	0.002606	0.004013	0.001919	0.001246
10000   	8       0.000011	0.003414	0.000611	0.003222	0.018003
10000   	8       0.000005	0.000488	0.000226	0.010246	0.022124
10000   	8       0.000004	0.000409	0.000457	0.009780	0.008753
10000   	8       0.000004	0.000388	0.000214	0.010309	0.018692
10000   	8       0.000003	0.000374	0.004208	0.008021	0.000713
10000   	8       0.000004	0.000839	0.001357	0.004768	0.002948
10000   	8       0.000005	0.005448	0.000263	0.000918	0.019011
10000   	8       0.000003	0.003322	0.000374	0.000903	0.008021
10000   	8       0.000010	0.003520	0.001358	0.002841	0.007364
10000   	8       0.000015	0.000918	0.003429	0.016340	0.004374
10000   	8       0.000005	0.001700	0.003961	0.002941	0.001262
10000   	8       0.000006	0.000488	0.001626	0.012295	0.003690
10000   	8       0.000005	0.001375	0.000218	0.003636	0.022936
10000   	8       0.000023	0.002731	0.004004	0.008422	0.005744
10000   	8       0.000005	0.000495	0.001747	0.010101	0.002862
10000   	8       0.000006	0.002159	0.001240	0.002779	0.004839
10000   	8       0.000005	0.000546	0.000195	0.009158	0.025641
10000   	8       0.000005	0.001413	0.004035	0.003539	0.001239
10000   	8       0.000006	0.001202	0.002856	0.004992	0.002101
10000   	8       0.000012	0.002058	0.000229	0.005831	0.052402
10000   	8       0.000010	0.000662	0.000357	0.015106	0.028011
10000   	8       0.000005	0.002080	0.002973	0.002404	0.001682
10000   	8       0.000004	0.001162	0.000333	0.003442	0.012012
10000   	8       0.000008	0.001261	0.004009	0.006344	0.001996
10000   	8       0.000005	0.001246	0.001058	0.004013	0.004726
10000   	8       0.000006	0.001418	0.000433	0.004231	0.013857
10000   	8       0.000014	0.001997	0.003259	0.007011	0.004296
10000   	8       0.000005	0.005749	0.000366	0.000870	0.013661
10000   	8       0.000006	0.000796	0.006004	0.007538	0.000999
10000   	8       0.000004	0.000558	0.000581	0.007168	0.006885
10000   	8       0.000045	0.000703	0.000166	0.064011	0.271084
10000   	8       0.000006	0.000954	0.000251	0.006289	0.023904
10000   	8       0.000005	0.005609	0.001062	0.000891	0.004708
10000   	8       0.000005	0.000439	0.000994	0.011390	0.005030
10000   	8       0.000005	0.000476	0.000389	0.010504	0.012853
10000   	8       0.000005	0.001104	0.000196	0.004529	0.025510
10000   	8       0.000008	0.000480	0.000442	0.016667	0.018100
10000   	8       0.000005	0.003706	0.000213	0.001349	0.023474
10000   	8       0.000005	0.000443	0.000192	0.011287	0.026042
10000   	8       0.000004	0.004078	0.002005	0.000981	0.001995
10000   	8       0.000006	0.004376	0.001760	0.001371	0.003409
10000   	8       0.000005	0.002360	0.000201	0.002119	0.024876
10000   	8       0.000005	0.002226	0.000593	0.002246	0.008432
10000   	8       0.000003	0.002157	0.001410	0.001391	0.002128
10000   	8       0.000005	0.000952	0.003963	0.005252	0.001262
10000   	8       0.000006	0.000441	0.001373	0.013605	0.004370
10000   	8       0.000003	0.000943	0.001083	0.003181	0.002770
10000   	8       0.000006	0.000885	0.000704	0.006780	0.008523
10000   	8       0.000005	0.001985	0.000193	0.002519	0.025907
10000   	8       0.000006	0.000411	0.000641	0.014599	0.009360
10000   	8       0.000005	0.001289	0.002000	0.003879	0.002500
10000   	8       0.000004	0.004220	0.000219	0.000948	0.018265
10000   	8       0.000005	0.001841	0.000238	0.002716	0.021008
10000   	8       0.000005	0.001175	0.000336	0.004255	0.014881
10000   	8       0.000006	0.001427	0.000282	0.004205	0.021277