
10000   	16      0.000007	0.003166	0.000858	0.002211	0.008159
10000   	16      0.000006	0.002507	0.001826	0.002393	0.003286
10000   	16      0.000005	0.001769	0.002944	0.002826	0.001698
10000   	16      0.000005	0.003185	0.000843	0.001570	0.005931
10000   	16      0.000014	0.000700	0.000481	0.020000	0.029106
10000   	16      0.000005	0.005288	0.000497	0.000946	0.010060
10000   	16      0.000005	0.003486	0.000477	0.001434	0.010482
10000   	16      0.000005	0.005048	0.002820	0.000990	0.001773
10000   	16      0.000004	0.000620	0.001173	0.006452	0.003410
10000   	16      0.000004	0.001680	0.000391	0.002381	0.010230
10000   	16      0.000005	0.005866	0.000442	0.000852	0.011312
10000   	16      0.000012	0.000732	0.005173	0.016393	0.002320
10000   	16      0.000005	0.005136	0.005069	0.000974	0.000986
10000   	16      0.000005	0.000592	0.000423	0.008446	0.011820
10000   	16      0.000005	0.000590	0.004655	0.008475	0.001074
10000   	16      0.000005	0.000885	0.002488	0.005650	0.002010
10000   	16      0.000005	0.007505	0.005602	0.000666	0.000893
10000   	16      0.000005	0.010121	0.001566	0.000494	0.003193
10000   	16      0.000003	0.005331	0.000422	0.000563	0.007109
10000   	16      0.000004	0.000562	0.000409	0.007117	0.009780
10000   	16      0.000006	0.000666	0.004068	0.009009	0.001475
10000   	16      0.000004	0.002095	0.000496	0.001909	0.008065
10000   	16      0.000005	0.000668	0.000499	0.007485	0.010020
10000   	16      0.000004	0.000605	0.000363	0.006612	0.011019
10000   	16      0.000005	0.001159	0.001979	0.004314	0.002527
10000   	16      0.000005	0.000668	0.002168	0.007485	0.002306
10000   	16      0.000003	0.001464	0.000860	0.002049	0.003488
10000   	16      0.000003	0.000505	0.001647	0.005941	0.001821
10000   	16      0.000002	0.003944	0.000423	0.000507	0.004728
10000   	16      0.000008	0.003721	0.000426	0.002150	0.018779
10000   	16      0.000007	0.000962	0.000415	0.007277	0.016867
10000   	16      0.000005	0.007188	0.000451	0.000696	0.011086
10000   	16      0.000004	0.002702	0.000490	0.001480	0.008163
10000   	16      0.000013	0.001613	0.003741	0.008060	0.003475
10000   	16      0.000004	0.000656	0.002307	0.006098	0.001734
10000   	16      0.000012	0.002095	0.000649	0.005728	0.018490
10000   	16      0.000004	0.001181	0.004100	0.003387	0.000976
10000   	16      0.000003	0.004675	0.001239	0.000642	0.002421
10000   	16      0.000005	0.006895	0.000427	0.000725	0.011710
10000   	16      0.000006	0.001311	0.000458	0.004577	0.013100
10000   	16      0.000005	0.004711	0.001092	0.001061	0.004579
10000   	16      0.000005	0.000719	0.000412	0.006954	0.012136
10000   	16      0.000004	0.000578	0.000414	0.006920	0.009662
10000   	16      0.000004	0.001274	0.002371	0.003140	0.001687
10000   	16      0.000004	0.000723	0.000647	0.005533	0.006182
10000   	16      0.000005	0.001855	0.000375	0.002695	0.013333
10000   	16      0.000004	0.000564	0.000525	0.007092	0.007619
10000   	16      0.000004	0.005050	0.000832	0.000792	0.004808
10000   	16      0.000004	0.002345	0.000892	0.001706	0.004484
10000   	16      0.000007	0.000671	0.000382	0.010432	0.018325
10000   	16      0.000004	0.000604	0.000411	0.006623	0.009732
10000   	16      0.000006	0.001532	0.000453	0.003916	0.013245
10000   	16      0.000017	0.001306	0.000422	0.013017	0.040284
10000   	16      0.000003	0.000725	0.000389	0.004138	0.007712
10000   	16      0.000004	0.003443	0.001101	0.001162	0.003633
10000   	16      0.000010	0.003530	0.000437	0.002833	0.022883
10000   	16      0.000004	0.005416	0.000347	0.000739	0.011527
10000   	16      0.000005	0.001921	0.001858	0.002603	0.002691
10000   	16      0.000008	0.002705	0.003986	0.002957	0.002007
10000   	16      0.000004	0.004046	0.003129	0.000989	0.001278
10000   	16      0.000025	0.002447	0.006977	0.010217	0.003583
10000   	16      0.000004	0.018762	0.002999	0.000213	0.001334
10000   	16      0.000012	0.000579	0.000476	0.020725	0.025210
10000   	16      0.000004	0.000479	0.000311	0.008351	0.012862
10000   	16      0.000003	0.000553	0.001670	0.005425	0.001796
10000   	16      0.000006	0.002122	0.000456	0.002828	0.013158
10000   	16      0.000010	0.000628	0.000551	0.015924	0.018149
10000   	16      0.000004	0.000610	0.000417	0.006557	0.009592
10000   	16      0.000005	0.001758	0.001301	0.002844	0.003843
10000   	16      0.000005	0.000660	0.000397	0.007576	0.012594
10000   	16      0.000004	0.000888	0.000416	0.004505	0.009615
10000   	16      0.000003	0.002260	0.000373	0.001327	0.008043
10000   	16      0.000003	0.002117	0.002560	0.001417	0.001172
10000   	16      0.000012	0.001132	0.000743	0.010601	0.016151
10000   	16      0.000006	0.000560	0.000441	0.010714	0.013605
10000   	16      0.000012	0.000522	0.003235	0.022989	0.003709
10000   	16      0.000003	0.004898	0.000517	0.000612	0.005803
10000   	16      0.000006	0.003019	0.002556	0.001987	0.002347
10000   	16      0.000004	0.004046	0.000990	0.000989	0.004040
10000   	16      0.000005	0.004314	0.000381	0.001159	0.013123
10000   	16      0.000002	0.002000	0.002597	0.001000	0.000770
10000   	16      0.000005	0.000569	0.000612	0.008787	0.008170
10000   	16      0.000005	0.000621	0.003542	0.008052	0.001412
10000   	16      0.000004	0.000470	0.002009	0.008511	0.001991
10000   	16      0.000004	0.003293	0.000772	0.001215	0.005181
10000   	16      0.000006	0.002271	0.001320	0.002642	0.004545
10000   	16      0.000005	0.000568	0.000381	0.008803	0.013123
10000   	16      0.000004	0.000525	0.000407	0.007619	0.009828
10000   	16      0.000006	0.001650	0.004514	0.003636	0.001329
10000   	16      0.000003	0.000547	0.001085	0.005484	0.002765
10000   	16      0.000005	0.002461	0.000438	0.002032	0.011416
10000   	16      0.000004	0.002115	0.004118	0.001891	0.000971
10000   	16      0.000004	0.011488	0.005936	0.000348	0.000674
10000   	16      0.000004	0.008009	0.000464	0.000499	0.008621
10000   	16      0.000004	0.012008	0.000396	0.000333	0.010101
10000   	16      0.000006	0.009653	0.000481	0.000622	0.012474
10000   	16      0.000005	0.013824	0.003952	0.000362	0.001265
10000   	16      0.000005	0.010141	0.003930	0.000493	0.001272
10000   	16      0.000005	0.008311	0.000419	0.000602	0.011933
10000   	16      0.000003	0.002474	0.004665	0.001213	0.000643