
100000000	4       0.105129	0.093941	0.355835	1.119096	0.295443
100000000	4       0.102368	0.099023	0.381184	1.033780	0.268553
100000000	4       0.107343	0.096028	0.482654	1.117830	0.222402
100000000	4       0.167224	0.125199	0.516336	1.335666	0.323867
100000000	4       0.137619	0.106018	0.387893	1.298072	0.354786
100000000	4       0.102430	0.095723	0.358722	1.070067	0.285541
100000000	4       0.117229	0.141601	0.421507	0.827883	0.278119
100000000	4       0.143087	0.096186	0.386885	1.487607	0.369844
100000000	4       0.109054	0.093900	0.373631	1.161385	0.291876
100000000	4       0.101315	0.120433	0.365341	0.841256	0.277316
100000000	4       0.110890	0.114128	0.404767	0.971628	0.273960
100000000	4       0.102893	0.105240	0.451664	0.977699	0.227809
100000000	4       0.108684	0.094845	0.390984	1.145912	0.277976
100000000	4       0.098780	0.103677	0.345377	0.952767	0.286006
100000000	4       0.100690	0.105514	0.370061	0.954281	0.272090
100000000	4       0.120725	0.093340	0.356060	1.293390	0.339058
100000000	4       0.102174	0.106721	0.357166	0.957394	0.286069
100000000	4       0.100963	0.101814	0.365632	0.991642	0.276133
100000000	4       0.107721	0.116930	0.351907	0.921243	0.306106
100000000	4       0.115875	0.094938	0.351139	1.220533	0.329998
100000000	4       0.115664	0.095026	0.372184	1.217183	0.310771
100000000	4       0.105418	0.095153	0.369800	1.107879	0.285068
100000000	4       0.101724	0.103184	0.368037	0.985851	0.276396
100000000	4       0.107447	0.092857	0.375582	1.157123	0.286081
100000000	4       0.105566	0.104095	0.364236	1.014131	0.289829
100000000	4       0.103595	0.111721	0.351021	0.927265	0.295125
100000000	4       0.109882	0.114170	0.369078	0.962442	0.297720
100000000	4       0.102787	0.108503	0.370454	0.947319	0.277462
100000000	4       0.102043	0.112025	0.343583	0.910895	0.296997
100000000	4       0.112011	0.096221	0.350768	1.164101	0.319331
100000000	4       0.122615	0.102529	0.395497	1.195906	0.310028
100000000	4       0.116384	0.094928	0.359223	1.226024	0.323988
100000000	4       0.100875	0.095289	0.371470	1.058622	0.271556
100000000	4       0.109021	0.099649	0.371872	1.094050	0.293168
100000000	4       0.101563	0.100075	0.369366	1.014869	0.274966
100000000	4       0.100858	0.105243	0.362979	0.958334	0.277862
100000000	4       0.101962	0.111132	0.359903	0.917485	0.283304
100000000	4       0.115997	0.093164	0.361165	1.245084	0.321175
100000000	4       0.109535	0.099645	0.372269	1.099252	0.294236
100000000	4       0.117713	0.097764	0.351755	1.204053	0.334645
100000000	4       0.102734	0.093723	0.373250	1.096145	0.275242
100000000	4       0.101994	0.115825	0.364778	0.880587	0.279606
100000000	4       0.110346	0.108923	0.404109	1.013064	0.273060
100000000	4       0.121396	0.118823	0.387473	1.021654	0.313302
100000000	4       0.108624	0.098250	0.362308	1.105588	0.299811
100000000	4       0.107236	0.095337	0.375548	1.124810	0.285545
100000000	4       0.119858	0.095698	0.355279	1.252461	0.337363
100000000	4       0.100941	0.100571	0.370777	1.003679	0.272242
100000000	4       0.102458	0.112799	0.370387	0.908324	0.276624
100000000	4       0.102433	0.105077	0.343916	0.974838	0.297843
100000000	4       0.112789	0.094419	0.429166	1.194558	0.262810
100000000	4       0.113028	0.103240	0.371193	1.094808	0.304499
100000000	4       0.115218	0.094554	0.350969	1.218542	0.328285
100000000	4       0.109294	0.095237	0.373286	1.147600	0.292789
100000000	4       0.121264	0.095498	0.358877	1.269807	0.337898
100000000	4       0.101596	0.098386	0.361414	1.032627	0.281107
100000000	4       0.100874	0.096342	0.377424	1.047041	0.267270
100000000	4       0.114217	0.110272	0.354944	1.035775	0.321789
100000000	4       0.101884	0.110096	0.345845	0.925411	0.294594
100000000	4       0.113381	0.095280	0.358546	1.189977	0.316225
100000000	4       0.128844	0.099218	0.346817	1.298595	0.371504
100000000	4       0.115552	0.095345	0.362078	1.211936	0.319136
100000000	4       0.099625	0.093666	0.368828	1.063619	0.270112
100000000	4       0.101158	0.095617	0.413375	1.057950	0.244712
100000000	4       0.102356	0.109209	0.358377	0.937249	0.285610
100000000	4       0.126081	0.104055	0.366021	1.211676	0.344464
100000000	4       0.106873	0.096939	0.368973	1.102477	0.289650
100000000	4       0.100376	0.097226	0.370158	1.032399	0.271171
100000000	4       0.100215	0.093368	0.374319	1.073334	0.267726
100000000	4       0.102736	0.098076	0.372248	1.047514	0.275988
100000000	4       0.111981	0.098004	0.352529	1.142617	0.317650
100000000	4       0.095014	0.094473	0.372213	1.005726	0.255268
100000000	4       0.101114	0.094125	0.376612	1.074252	0.268483
100000000	4       0.101323	0.109688	0.355404	0.923738	0.285092
100000000	4       0.116124	0.094595	0.367477	1.227591	0.316003
100000000	4       0.102360	0.112841	0.362695	0.907117	0.282221
100000000	4       0.100258	0.093301	0.367941	1.074565	0.272484
100000000	4       0.094866	0.109711	0.369900	0.864690	0.256464
100000000	4       0.104044	0.105598	0.348487	0.985284	0.298559
100000000	4       0.100576	0.106424	0.339193	0.945050	0.296516
100000000	4       0.102651	0.110837	0.358923	0.926144	0.285997
100000000	4       0.102763	0.109545	0.356479	0.938089	0.288272
100000000	4       0.115117	0.094400	0.358746	1.219460	0.320887
100000000	4       0.122802	0.103611	0.376108	1.185222	0.326507
100000000	4       0.101773	0.094838	0.374340	1.073125	0.271873
100000000	4       0.100852	0.105882	0.357140	0.952494	0.282388
100000000	4       0.102720	0.108495	0.363884	0.946772	0.282288
100000000	4       0.115605	0.094705	0.327350	1.220685	0.353154
100000000	4       0.100099	0.095017	0.369281	1.053485	0.271065
100000000	4       0.102341	0.094788	0.368636	1.079683	0.277621
100000000	4       0.101916	0.108836	0.350264	0.936418	0.290969
100000000	4       0.100334	0.106711	0.366022	0.940241	0.274120
100000000	4       0.116349	0.097883	0.366236	1.188654	0.317689
100000000	4       0.103457	0.093749	0.364140	1.103553	0.284113
100000000	4       0.097393	0.108985	0.372915	0.893637	0.261167
100000000	4       0.107971	0.108146	0.358155	0.998382	0.301464
100000000	4       0.111716	0.095778	0.358401	1.166405	0.311707
100000000	4       0.108314	0.096854	0.375562	1.118322	0.288405
100000000	4       0.102404	0.108590	0.355977	0.943033	0.287670
100000000	4       0.112982	0.092920	0.360621	1.215906	0.313298