
1000000 	4       0.002736	0.002418	0.003576	1.131514	0.765101
1000000 	4       0.000918	0.001094	0.001120	0.839123	0.819643
1000000 	4       0.001097	0.002866	0.005893	0.382763	0.186153
1000000 	4       0.002758	0.001108	0.002207	2.489170	1.249660
1000000 	4       0.000814	0.001090	0.001648	0.746789	0.493932
1000000 	4       0.000890	0.001220	0.003463	0.729508	0.257003
1000000 	4       0.000921	0.001888	0.003288	0.487818	0.280109
1000000 	4       0.000964	0.001306	0.003327	0.738132	0.289751
1000000 	4       0.000900	0.001252	0.001715	0.718850	0.524781
1000000 	4       0.003053	0.003652	0.005318	0.835980	0.574088
1000000 	4       0.000983	0.001122	0.002995	0.876114	0.328214
1000000 	4       0.000843	0.001097	0.002493	0.768459	0.338147
1000000 	4       0.000902	0.001524	0.002551	0.591864	0.353587
1000000 	4       0.001486	0.001085	0.002150	1.369585	0.691163
1000000 	4       0.000877	0.001089	0.001709	0.805326	0.513166
1000000 	4       0.003390	0.003394	0.004757	0.998821	0.712634
1000000 	4       0.001447	0.001094	0.002943	1.322669	0.491675
1000000 	4       0.000986	0.001148	0.002208	0.858885	0.446558
1000000 	4       0.000959	0.001086	0.001750	0.883057	0.548000
1000000 	4       0.000869	0.001212	0.001759	0.716997	0.494031
1000000 	4       0.001466	0.004604	0.006993	0.318419	0.209638
1000000 	4       0.000864	0.002071	0.004917	0.417190	0.175717
1000000 	4       0.001827	0.001181	0.003302	1.546994	0.553301
1000000 	4       0.000892	0.001137	0.001737	0.784521	0.513529
1000000 	4       0.002030	0.001452	0.004140	1.398072	0.490338
1000000 	4       0.000915	0.001152	0.001909	0.794271	0.479309
1000000 	4       0.001009	0.001222	0.004302	0.825696	0.234542
1000000 	4       0.001025	0.001271	0.003067	0.806452	0.334203
1000000 	4       0.001683	0.002776	0.003701	0.606268	0.454742
1000000 	4       0.001055	0.001126	0.001781	0.936945	0.592364
1000000 	4       0.000904	0.001103	0.001876	0.819583	0.481876
1000000 	4       0.001355	0.006388	0.005250	0.212116	0.258095
1000000 	4       0.000992	0.001508	0.003846	0.657826	0.257930
1000000 	4       0.000946	0.001467	0.003325	0.644853	0.284511
1000000 	4       0.000879	0.001161	0.001785	0.757106	0.492437
1000000 	4       0.000940	0.001177	0.004217	0.798641	0.222907
1000000 	4       0.001092	0.001203	0.001774	0.907731	0.615558
1000000 	4       0.001263	0.001961	0.001865	0.644059	0.677212
1000000 	4       0.001041	0.001024	0.002137	1.016602	0.487132
1000000 	4       0.000850	0.002813	0.002508	0.302169	0.338915
1000000 	4       0.000889	0.001151	0.002500	0.772372	0.355600
1000000 	4       0.000973	0.001158	0.004365	0.840242	0.222910
1000000 	4       0.000896	0.001192	0.002682	0.751678	0.334079
1000000 	4       0.000894	0.001296	0.001644	0.689815	0.543796
1000000 	4       0.001322	0.001178	0.002807	1.122241	0.470965
1000000 	4       0.000841	0.001124	0.001782	0.748221	0.471942
1000000 	4       0.000885	0.001157	0.002832	0.764909	0.312500
1000000 	4       0.000904	0.001780	0.003119	0.507865	0.289836
1000000 	4       0.000872	0.001526	0.005035	0.571429	0.173188
1000000 	4       0.000890	0.001971	0.001553	0.451547	0.573084
1000000 	4       0.002527	0.001141	0.001742	2.214724	1.450631
1000000 	4       0.000995	0.001095	0.001706	0.908676	0.583236
1000000 	4       0.000878	0.001177	0.001318	0.745964	0.666161
1000000 	4       0.000854	0.001148	0.001832	0.743902	0.466157
1000000 	4       0.000914	0.001233	0.001698	0.741281	0.538280
1000000 	4       0.000923	0.001216	0.001822	0.759046	0.506586
1000000 	4       0.001466	0.001865	0.002239	0.786059	0.654757
1000000 	4       0.000881	0.001143	0.002545	0.770779	0.346169
1000000 	4       0.002292	0.001173	0.001832	1.953964	1.251092
1000000 	4       0.000989	0.001117	0.001787	0.885407	0.553442
1000000 	4       0.001374	0.001336	0.002659	1.028443	0.516736
1000000 	4       0.000851	0.001867	0.001220	0.455811	0.697541
1000000 	4       0.000896	0.003564	0.002506	0.251403	0.357542
1000000 	4       0.001338	0.001178	0.003775	1.135823	0.354437
1000000 	4       0.000897	0.001133	0.001872	0.791703	0.479167
1000000 	4       0.000967	0.001965	0.003935	0.492112	0.245743
1000000 	4       0.001321	0.001537	0.006807	0.859467	0.194065
1000000 	4       0.000859	0.001274	0.001757	0.674254	0.488902
1000000 	4       0.000878	0.001181	0.002310	0.743438	0.380087
1000000 	4       0.001829	0.001846	0.001660	0.990791	1.101807
1000000 	4       0.000862	0.001832	0.002589	0.470524	0.332947
1000000 	4       0.001036	0.001494	0.003839	0.693440	0.269862
1000000 	4       0.001494	0.001204	0.001187	1.240864	1.258635
1000000 	4       0.000918	0.001132	0.001815	0.810954	0.505785
1000000 	4       0.002306	0.001194	0.001653	1.931323	1.395039
1000000 	4       0.001021	0.001250	0.003180	0.816800	0.321069
1000000 	4       0.001887	0.001218	0.001654	1.549261	1.140871
1000000 	4       0.000950	0.001171	0.002803	0.811272	0.338923
1000000 	4       0.001427	0.003728	0.001775	0.382779	0.803944
1000000 	4       0.000916	0.001345	0.000996	0.681041	0.919679
1000000 	4       0.000901	0.001167	0.001021	0.772065	0.882468
1000000 	4       0.000857	0.003487	0.002507	0.245770	0.341843
1000000 	4       0.001312	0.001412	0.006361	0.929178	0.206257
1000000 	4       0.001865	0.001494	0.004406	1.248327	0.423286
1000000 	4       0.000873	0.001085	0.002412	0.804608	0.361940
1000000 	4       0.000947	0.001137	0.001056	0.832894	0.896780
1000000 	4       0.001002	0.001166	0.001933	0.859348	0.518365
1000000 	4       0.000888	0.001214	0.003494	0.731466	0.254150
1000000 	4       0.000925	0.001149	0.001933	0.805048	0.478531
1000000 	4       0.001422	0.002157	0.005882	0.659249	0.241755
1000000 	4       0.001031	0.001118	0.001670	0.922183	0.617365
1000000 	4       0.002573	0.001196	0.001676	2.151338	1.535203
1000000 	4       0.000909	0.001161	0.001722	0.782946	0.527875
1000000 	4       0.000947	0.001227	0.000940	0.771801	1.007447
1000000 	4       0.001269	0.001657	0.001856	0.765842	0.683728
1000000 	4       0.000902	0.004282	0.002222	0.210649	0.405941
1000000 	4       0.000889	0.001166	0.002013	0.762436	0.441629
1000000 	4       0.000933	0.001205	0.001668	0.774274	0.559353
1000000 	4       0.002149	0.001130	0.002789	1.901770	0.770527
1000000 	4       0.000904	0.001104	0.001697	0.818841	0.532705