1024	4	3.710786
1024	4	2.419688
1024	4	1.608677
1024	4	2.438728
1024	4	1.333961
1024	4	2.685724
1024	4	2.483691
1024	4	2.271620
1024	4	2.401169
1024	4	2.397026
1024	4	2.435888
1024	4	2.469076
1024	4	2.420648
1024	4	2.405847
1024	4	2.402196
1024	4	2.191465
1024	4	2.273803
1024	4	2.359930
1024	4	2.330089
1024	4	2.262393
1024	4	2.239396
 
1024	8	0.899271
1024	8	0.988944
1024	8	0.814964
1024	8	0.904818
1024	8	0.990024
1024	8	0.850500
1024	8	0.712334
1024	8	0.974695
1024	8	0.862561
1024	8	0.811700
1024	8	0.671609
1024	8	0.781709
1024	8	0.548436
1024	8	1.069804
1024	8	0.771236
1024	8	0.910551
1024	8	1.192756
1024	8	1.102113
1024	8	0.899061
1024	8	0.958461
1024	8	1.020037
 
1024	16	0.403951
1024	16	0.396232
1024	16	0.431948
1024	16	0.429095
1024	16	0.439350
1024	16	0.451472
1024	16	0.351712
1024	16	0.360277
1024	16	0.371880
1024	16	0.414217
1024	16	0.402184
1024	16	0.389978
1024	16	0.416530
1024	16	0.366372
1024	16	0.390671
1024	16	0.393494
1024	16	0.387300
1024	16	0.389563
1024	16	0.382619
1024	16	0.419411
1024	16	0.412770
 
1024	32	0.191121
1024	32	0.200363
1024	32	0.199472
1024	32	0.152123
1024	32	0.192849
1024	32	0.143433
1024	32	0.189320
1024	32	0.174343
1024	32	0.194611
1024	32	0.184704
1024	32	0.157305
1024	32	0.181081
1024	32	0.137996
1024	32	0.194503
1024	32	0.184308
1024	32	0.194277
1024	32	0.149032
1024	32	0.149849
1024	32	0.152993
1024	32	0.194629
1024	32	0.197378
 
