2048	4	1.070451
2048	4	1.047388
2048	4	0.744187
2048	4	0.869094
2048	4	1.056054
2048	4	1.001618
2048	4	0.946932
2048	4	0.988663
2048	4	0.942594
2048	4	0.958755
2048	4	0.938353
2048	4	0.889713
2048	4	0.921371
2048	4	0.948794
2048	4	1.010509
2048	4	0.938915
2048	4	0.961006
2048	4	0.960457
2048	4	0.887089
2048	4	1.142444
2048	4	0.912261
 
2048	8	0.767085
2048	8	0.838956
2048	8	0.858968
2048	8	0.857474
2048	8	0.941795
2048	8	0.869009
2048	8	0.911549
2048	8	0.867819
2048	8	0.833604
2048	8	0.883248
2048	8	0.829282
2048	8	0.861697
2048	8	0.871846
2048	8	0.945929
2048	8	0.825596
2048	8	0.936622
2048	8	0.935506
2048	8	0.889741
2048	8	0.856492
2048	8	0.832598
2048	8	0.871415
 
2048	16	0.778975
2048	16	0.850735
2048	16	0.783582
2048	16	0.826519
2048	16	0.825546
2048	16	0.762950
2048	16	0.814574
2048	16	0.900535
2048	16	0.815398
2048	16	0.821568
2048	16	0.735606
2048	16	0.828717
2048	16	0.800603
2048	16	0.870874
2048	16	0.800461
2048	16	0.856999
2048	16	0.798278
2048	16	0.853148
2048	16	0.810726
2048	16	0.931533
2048	16	0.789295
 
2048	32	0.558505
2048	32	0.593858
2048	32	0.635350
2048	32	0.613301
2048	32	0.612396
2048	32	0.574773
2048	32	0.570036
2048	32	0.558348
2048	32	0.578426
2048	32	0.586787
2048	32	0.572315
2048	32	0.605977
2048	32	0.559686
2048	32	0.589975
2048	32	0.760255
2048	32	0.562492
2048	32	0.583169
2048	32	0.554744
2048	32	0.578674
2048	32	0.551204
2048	32	0.576077
 
2048	4	0.824983
2048	4	0.924826
2048	4	1.062594
2048	4	1.002872
2048	4	0.908326
2048	4	1.042370
2048	4	0.812271
2048	4	0.914806
2048	4	0.831635
2048	4	1.015817
2048	4	0.796608
2048	4	0.877031
2048	4	0.850141
2048	4	0.997092
2048	4	0.973020
2048	4	0.977088
2048	4	1.060344
2048	4	1.104022
2048	4	1.187356
2048	4	0.925447
2048	4	0.961931
 
2048	8	0.931249
2048	8	1.021334
2048	8	0.987684
2048	8	0.891130
2048	8	0.966603
2048	8	0.917744
2048	8	0.906057
2048	8	0.973562
2048	8	0.904502
2048	8	0.935723
2048	8	0.972207
2048	8	0.969505
2048	8	1.139677
2048	8	0.857015
2048	8	1.007041
2048	8	0.931036
2048	8	0.920959
2048	8	0.901680
2048	8	0.759374
2048	8	1.172257
2048	8	0.840087
 
2048	16	0.844704
2048	16	0.760867
2048	16	0.870632
2048	16	0.796527
2048	16	0.935437
2048	16	0.873932
2048	16	0.732974
2048	16	0.835386
2048	16	0.811966
2048	16	0.684450
2048	16	0.779991
2048	16	0.775692
2048	16	0.851884
2048	16	0.811578
2048	16	0.834394
2048	16	0.782016
2048	16	0.780436
2048	16	0.816745
2048	16	0.961671
2048	16	0.661428
2048	16	0.763442
 
2048	32	0.662455
2048	32	0.898826
2048	32	0.695897
2048	32	0.711674
2048	32	0.741982
2048	32	0.640561
2048	32	0.643793
2048	32	0.657911
2048	32	0.692069
2048	32	0.665838
2048	32	0.652433
2048	32	0.646303
2048	32	0.552276
2048	32	0.826317
2048	32	0.614883
2048	32	0.633611
2048	32	0.463915
2048	32	0.620539
2048	32	0.719979
2048	32	0.679938
2048	32	0.676928
 
