4096	4	0.651990
4096	4	0.750087
4096	4	0.860397
4096	4	0.908458
4096	4	0.919862
4096	4	0.917963
4096	4	0.736515
4096	4	0.867981
4096	4	0.792031
4096	4	1.068028
4096	4	0.782736
4096	4	0.859820
4096	4	1.046704
4096	4	0.893069
4096	4	0.801838
4096	4	0.910210
4096	4	0.942008
4096	4	0.950298
4096	4	0.977690
4096	4	0.975918
 
4096	8	0.943431
4096	8	0.888018
4096	8	0.956022
4096	8	0.908065
4096	8	0.960176
4096	8	0.930239
4096	8	0.939061
4096	8	0.926953
4096	8	0.923856
4096	8	0.857794
4096	8	0.943817
4096	8	0.929675
4096	8	1.013344
4096	8	0.865274
4096	8	1.030484
4096	8	0.891520
4096	8	0.880894
4096	8	0.940835
4096	8	0.973852
4096	8	0.922824
4096	8	1.014146
 
4096	16	0.893181
4096	16	0.840017
4096	16	0.945704
4096	16	0.837934
4096	16	0.907351
4096	16	0.916731
4096	16	0.961043
4096	16	0.857687
4096	16	0.932115
4096	16	0.808407
4096	16	0.868856
4096	16	0.846255
4096	16	0.890648
4096	16	0.889492
4096	16	0.981638
4096	16	0.867663
4096	16	0.954389
4096	16	0.844994
4096	16	0.878631
4096	16	0.912385
 
4096	32	0.893432
4096	32	0.887018
4096	32	0.910135
4096	32	0.853109
4096	32	0.838012
4096	32	0.861268
4096	32	0.889771
4096	32	0.887317
4096	32	0.931453
4096	32	0.869053
4096	32	0.843952
4096	32	0.865170
4096	32	0.921058
4096	32	0.968867
4096	32	0.863927
4096	32	0.946810
4096	32	0.808726
4096	32	0.881166
4096	32	0.950237
4096	32	0.921563
4096	32	0.910730
 
