512	4	1.195348
512	4	0.716000
512	4	1.675016
512	4	1.615980
512	4	1.652824
512	4	1.562662
512	4	1.332092
512	4	0.810738
512	4	0.822450
512	4	1.338382
512	4	1.519703
512	4	1.333275
512	4	1.384657
512	4	1.536917
512	4	1.417994
512	4	0.728660
512	4	0.476023
512	4	1.425926
512	4	0.693724
512	4	1.057521
512	4	1.466550
 
512	8	0.226233
512	8	0.182266
512	8	0.271275
512	8	0.185128
512	8	0.204470
512	8	0.225098
512	8	0.187684
512	8	0.247054
512	8	0.271384
512	8	0.212773
512	8	0.206716
512	8	0.189757
512	8	0.247488
512	8	0.198811
512	8	0.170014
512	8	0.223933
512	8	0.193557
512	8	0.204886
512	8	0.262194
512	8	0.212547
512	8	0.236778
 
512	16	0.081599
512	16	0.083744
512	16	0.088247
512	16	0.054389
512	16	0.086680
512	16	0.079652
512	16	0.076055
512	16	0.102599
512	16	0.098602
512	16	0.097257
512	16	0.086042
512	16	0.088159
512	16	0.090114
512	16	0.089932
512	16	0.096571
512	16	0.093945
512	16	0.095322
512	16	0.093879
512	16	0.099102
512	16	0.096425
512	16	0.091012
 
512	32	0.037282
512	32	0.052176
512	32	0.053180
512	32	0.042682
512	32	0.046383
512	32	0.043263
512	32	0.047746
512	32	0.033163
512	32	0.044364
512	32	0.034798
512	32	0.045538
512	32	0.048240
512	32	0.047297
512	32	0.035664
512	32	0.034381
512	32	0.048808
512	32	0.035303
512	32	0.034421
512	32	0.049112
512	32	0.043978
512	32	0.034170
 
