1024	 256	5.976691	9.012748
1024	 256	3.419318	8.669665
1024	 256	5.829786	8.804952
1024	 256	5.847948	8.789379
1024	 256	5.861162	8.817792
1024	 256	5.954936	8.929557
1024	 256	5.864311	8.879627
1024	 256	5.875386	8.960958
1024	 256	5.854889	8.824948
1024	 256	6.169902	9.216658
1024	 256	5.864582	8.835183
1024	 256	5.921665	8.909314
1024	 256	5.980368	8.960486
1024	 256	5.843812	8.846811
1024	 256	5.960362	8.927474
1024	 256	5.822069	8.772551
1024	 256	5.862109	8.796395
1024	 256	5.874413	8.907132
1024	 256	5.964251	8.927407
1024	 256	5.833326	8.874977

1024	 128	8.356867	9.115358
1024	 128	7.628745	8.532801
1024	 128	8.474847	9.168200
1024	 128	8.604612	9.373730
1024	 128	7.856586	8.803083
1024	 128	8.269374	9.104796
1024	 128	8.420154	9.124412
1024	 128	8.247828	9.017267
1024	 128	8.276890	9.022439
1024	 128	8.449895	9.171789
1024	 128	8.264607	8.986734
1024	 128	8.542648	9.311282
1024	 128	8.227268	9.054793
1024	 128	7.918612	8.585020
1024	 128	8.306247	9.056776
1024	 128	8.453254	9.149247
1024	 128	8.204563	9.072223
1024	 128	8.130822	9.064426
1024	 128	8.382746	9.075493
1024	 128	8.087225	8.962521

1024	  64	8.065973	8.963264
1024	  64	8.109236	8.995669
1024	  64	8.386560	9.052878
1024	  64	8.189254	8.933020
1024	  64	8.146222	8.985409
1024	  64	8.284590	9.016347
1024	  64	8.179237	8.939341
1024	  64	8.352378	9.047709
1024	  64	8.178963	8.897156
1024	  64	8.321483	9.030022
1024	  64	8.119277	8.965359
1024	  64	8.173363	8.983695
1024	  64	8.148964	8.986986
1024	  64	8.042655	8.922795
1024	  64	7.834522	8.670283
1024	  64	8.232589	9.022027
1024	  64	8.404382	9.090581
1024	  64	7.580106	8.335508
1024	  64	8.379013	9.062547
1024	  64	8.206672	8.937084

