2048	 256	13.133904	21.367687
2048	 256	13.032796	21.171600
2048	 256	13.056332	21.427404
2048	 256	13.074267	21.906568
2048	 256	13.238448	21.788468
2048	 256	13.199759	21.769075
2048	 256	13.141301	21.715413
2048	 256	13.148874	21.702596
2048	 256	13.165262	21.781859
2048	 256	13.145598	21.700015
2048	 256	13.120788	21.708430
2048	 256	13.158330	21.652100
2048	 256	13.143283	21.699646
2048	 256	13.157763	21.684970
2048	 256	13.135027	21.690249
2048	 256	13.125856	21.706946
2048	 256	13.201384	21.764943
2048	 256	13.142302	21.595648
2048	 256	13.355324	22.069415
2048	 256	13.158738	21.780483

2048	 128	13.412513	23.021948
2048	 128	13.308759	22.888376
2048	 128	13.337309	22.894329
2048	 128	13.349832	22.928259
2048	 128	13.359716	22.889097
2048	 128	13.361060	22.897647
2048	 128	13.387729	22.919335
2048	 128	13.353155	22.936749
2048	 128	13.301992	22.796946
2048	 128	13.444632	23.042953
2048	 128	13.330371	22.731908
2048	 128	13.359272	22.886075
2048	 128	13.350101	22.871981
2048	 128	13.349834	22.881090
2048	 128	12.382867	22.805886
2048	 128	13.162560	22.520469
2048	 128	13.367935	22.885488
2048	 128	13.332867	22.781092
2048	 128	13.362749	22.915155
2048	 128	13.330318	22.886827

2048	  64	13.331494	22.863062
2048	  64	13.486783	23.051843
2048	  64	13.328364	22.781485
2048	  64	13.377786	22.809956
2048	  64	13.310219	22.781289
2048	  64	13.292656	22.766079
2048	  64	13.274851	22.686682
2048	  64	13.348963	22.850871
2048	  64	13.294871	22.805409
2048	  64	13.326018	22.874727
2048	  64	13.315583	22.838111
2048	  64	13.348311	22.805881
2048	  64	13.336179	22.843095
2048	  64	13.306985	22.867589
2048	  64	13.302739	22.934137
2048	  64	13.369331	22.940322
2048	  64	13.329465	22.802299
2048	  64	13.300637	22.803155
2048	  64	13.381931	23.004138
2048	  64	13.282612	22.711001

