 512	 256	2.730295	4.615191
 512	 256	2.496354	4.406220
 512	 256	2.781403	4.699734
 512	 256	2.515513	4.350975
 512	 256	2.625135	4.449469
 512	 256	2.393502	4.208712
 512	 256	2.378809	4.242973
 512	 256	2.466838	4.349029
 512	 256	2.754049	4.593213
 512	 256	2.435730	4.214192
 512	 256	2.441932	4.336935
 512	 256	2.402590	4.258286
 512	 256	2.507631	4.400029
 512	 256	2.453292	4.220164
 512	 256	2.511286	4.384398
 512	 256	2.850540	4.110585
 512	 256	2.504039	4.359685
 512	 256	2.470664	4.380190
 512	 256	2.440975	4.271096
 512	 256	2.723814	4.798424

 512	 128	3.073689	4.310292
 512	 128	3.234985	4.375984
 512	 128	3.724343	4.926689
 512	 128	3.059001	4.250333
 512	 128	3.498725	4.578323
 512	 128	3.420609	4.567967
 512	 128	3.264247	4.415082
 512	 128	3.388585	4.596475
 512	 128	3.416978	4.576760
 512	 128	3.327046	4.515677
 512	 128	3.806191	4.944330
 512	 128	3.366787	4.462929
 512	 128	3.348546	4.418685
 512	 128	3.008845	4.648564
 512	 128	3.360118	4.472313
 512	 128	3.394040	4.604433
 512	 128	3.078502	4.416093
 512	 128	3.094203	4.457585
 512	 128	3.608432	4.726455
 512	 128	3.225426	4.578374

 512	  64	3.372152	4.581199
 512	  64	3.272122	4.357068
 512	  64	3.281690	4.445282
 512	  64	3.414189	4.566115
 512	  64	3.172640	4.420626
 512	  64	3.641472	4.688914
 512	  64	3.419579	4.564557
 512	  64	3.430847	4.502112
 512	  64	3.344446	4.468203
 512	  64	3.330482	4.444327
 512	  64	3.239091	4.710794
 512	  64	3.684388	4.673530
 512	  64	3.255780	4.546956
 512	  64	3.851920	4.966718
 512	  64	3.341680	4.460038
 512	  64	3.388774	4.485927
 512	  64	3.255597	4.573176
 512	  64	3.799571	4.920494
 512	  64	3.265106	4.325686
 512	  64	3.305615	4.352171

 512	  32	3.830781	3.879008
 512	  32	3.533517	4.646138
 512	  32	3.461819	4.202422
 512	  32	3.878522	4.895008
 512	  32	3.158679	4.478515
 512	  32	3.828189	4.677512
 512	  32	3.224827	4.404962
 512	  32	3.374307	4.449352
 512	  32	3.409763	4.146968
 512	  32	3.285024	4.077744
 512	  32	3.865803	4.032672
 512	  32	3.960393	5.092190
 512	  32	3.411312	4.478465
 512	  32	3.362508	3.752481
 512	  32	3.366103	4.477895
 512	  32	4.037091	5.138462
 512	  32	3.645475	3.907065
 512	  32	3.709335	4.707551
 512	  32	3.913703	4.949032
 512	  32	3.398740	3.845320

