
1024		4		2.526042
1024		4		2.416806
1024		4		2.435414
1024		4		2.354697
1024		4		2.499948
1024		4		2.550355
1024		4		2.410934
1024		4		2.430496
1024		4		2.447077
1024		4		2.519823
1024		4		2.488153
1024		4		2.433090
1024		4		2.431335
1024		4		2.446681
1024		4		2.811073
1024		4		2.564628
1024		4		2.589299
1024		4		2.586472
1024		4		2.616490
1024		4		2.604740 

1024		8		2.196688
1024		8		2.204254
1024		8		1.487774
1024		8		1.547724
1024		8		3.783122
1024		8		1.975253
1024		8		1.691456
1024		8		1.779291
1024		8		1.699727
1024		8		1.699191
1024		8		1.862672
1024		8		2.057295
1024		8		1.702965
1024		8		2.176526
1024		8		1.826196
1024		8		2.109007
1024		8		1.897220
1024		8		1.803711
1024		8		1.632686
1024		8		2.057572 

1024		16		1.131306
1024		16		1.468515
1024		16		1.365353
1024		16		2.222649
1024		16		1.372200
1024		16		1.435027
1024		16		1.380175
1024		16		1.077430
1024		16		1.428021
1024		16		1.418663
1024		16		2.074601
1024		16		1.331640
1024		16		1.425650
1024		16		1.525061
1024		16		1.649119
1024		16		1.808608
1024		16		1.893982
1024		16		1.877069
1024		16		1.828990
1024		16		1.890504

1024		32		1.671669
1024		32		2.620580
1024		32		3.247226
1024		32		2.892981
1024		32		3.038495
1024		32		3.090638
1024		32		2.998780
1024		32		3.042846
1024		32		3.051559
1024		32		3.004421
1024		32		3.018916
1024		32		3.039939
1024		32		1.573759
1024		32		1.677530
1024		32		1.734755
1024		32		1.790313
1024		32		1.720243
1024		32		1.698872
1024		32		1.725770
1024		32		1.786585