
512		4		1.473014
512		4		1.617775
512		4		1.674048
512		4		1.655545
512		4		1.633149
512		4		1.657808
512		4		1.594859
512		4		1.552877
512		4		1.605141
512		4		1.605118
512		4		1.501015
512		4		1.490192
512		4		1.532544
512		4		1.535569
512		4		1.510006
512		4		1.472210
512		4		1.533137
512		4		1.505397
512		4		1.514406
512		4		1.517710 

512		8		1.127361
512		8		1.149772
512		8		1.163155
512		8		1.083448
512		8		1.167363
512		8		1.167475
512		8		1.129221
512		8		1.164443
512		8		1.156448
512		8		1.138948
512		8		1.295184
512		8		1.193866
512		8		1.128742
512		8		1.194261
512		8		1.212261
512		8		1.257149
512		8		1.237564
512		8		1.169263
512		8		1.257931
512		8		1.142723 

512		16		0.955858
512		16		0.999069
512		16		0.943068
512		16		0.918558
512		16		0.929674
512		16		0.892598
512		16		0.935671
512		16		0.868902
512		16		0.828068
512		16		0.868716
512		16		0.818953
512		16		0.883098
512		16		0.897228
512		16		0.769407
512		16		0.866632
512		16		0.875866
512		16		0.846539
512		16		0.944837
512		16		0.898449
512		16		0.895865

512		32		0.615451
512		32		0.645954
512		32		0.651018
512		32		0.610942
512		32		0.461405
512		32		1.269158
512		32		0.385761
512		32		0.380283
512		32		0.627986
512		32		0.375044
512		32		0.378146
512		32		0.631077
512		32		0.673846
512		32		0.628598
512		32		0.633479
512		32		0.558518
512		32		0.659930
512		32		0.660380
512		32		0.669302
512		32		0.673189