1024	4	7.315254
1024	4	7.225702
1024	4	7.351697
1024	4	6.015429
1024	4	6.507586
1024	4	7.252215
1024	4	7.414467
1024	4	2.340664
1024	4	5.649658
1024	4	4.235579
1024	4	3.850509
1024	4	4.831717
1024	4	7.452574
1024	4	7.445925
1024	4	6.613645
1024	4	6.305812
1024	4	5.258972
1024	4	7.172151
1024	4	7.477079
1024	4	7.157759
1024	4	5.487015
 
1024	8	4.356439
1024	8	5.199248
1024	8	5.053899
1024	8	4.731505
1024	8	5.332763
1024	8	5.220938
1024	8	5.242903
1024	8	5.200045
1024	8	3.787731
1024	8	4.382618
1024	8	3.633189
1024	8	4.098957
1024	8	3.963215
1024	8	4.127560
1024	8	3.858955
1024	8	4.277349
1024	8	4.414499
1024	8	4.290408
1024	8	4.309708
1024	8	4.255465
1024	8	3.706061
 
1024	16	3.788108
1024	16	3.563977
1024	16	3.812077
1024	16	3.960319
1024	16	3.362962
1024	16	2.919675
1024	16	3.513656
1024	16	3.455216
1024	16	3.707585
1024	16	3.646156
1024	16	3.527650
1024	16	3.035185
1024	16	3.155132
1024	16	3.057959
1024	16	2.998322
1024	16	3.211576
1024	16	3.630331
1024	16	4.002054
1024	16	3.183175
1024	16	3.912921
1024	16	3.055740
 
1024	32	3.565582
1024	32	2.944311
1024	32	2.975860
1024	32	2.510540
1024	32	2.747341
1024	32	2.649428
1024	32	2.660773
1024	32	2.552653
1024	32	3.283906
1024	32	3.083344
1024	32	3.158214
1024	32	3.249007
1024	32	3.109685
1024	32	3.198010
1024	32	2.913998
1024	32	3.123051
1024	32	3.089569
1024	32	3.006838
1024	32	3.291937
1024	32	3.400005
1024	32	3.168689
 
