2048	4	5.706244
2048	4	6.023620
2048	4	5.636178
2048	4	5.850027
2048	4	5.443058
2048	4	6.022114
2048	4	7.396749
2048	4	6.972223
2048	4	6.695157
2048	4	7.180032
2048	4	7.644303
2048	4	7.454266
2048	4	6.827910
2048	4	5.885191
2048	4	6.380227
2048	4	7.135368
2048	4	7.467214
2048	4	3.376816
2048	4	4.743738
2048	4	7.413268
2048	4	7.718732
2048	4	7.959919
2048	4	8.023327
2048	4	8.588608
2048	4	8.531549
2048	4	8.331675
2048	4	8.489114
 
2048	8	5.853134
2048	8	5.854393
2048	8	5.829965
2048	8	5.841232
2048	8	5.829407
2048	8	5.856164
2048	8	5.852746
2048	8	5.856925
2048	8	5.838828
2048	8	5.862045
2048	8	5.829136
2048	8	5.817902
2048	8	5.860932
2048	8	5.869744
2048	8	5.863605
2048	8	5.875245
2048	8	5.816345
2048	8	5.856832
2048	8	5.867678
2048	8	5.839856
2048	8	5.861006
 
2048	16	6.058319
2048	16	6.080146
2048	16	6.074172
2048	16	6.090269
2048	16	5.743436
2048	16	5.812377
2048	16	5.528611
2048	16	6.084795
2048	16	5.803343
2048	16	5.977054
2048	16	5.612711
2048	16	5.144214
2048	16	6.018394
2048	16	5.993784
2048	16	6.081081
2048	16	6.095637
2048	16	6.092407
2048	16	6.092370
2048	16	6.088625
2048	16	6.073246
2048	16	6.071615
 
2048	32	6.181525
2048	32	6.160589
2048	32	6.177963
2048	32	6.160995
2048	32	6.162754
2048	32	6.171225
2048	32	6.170247
2048	32	6.165365
2048	32	6.176044
2048	32	6.177302
2048	32	6.173161
2048	32	6.168724
2048	32	6.186982
2048	32	6.177871
2048	32	6.155645
2048	32	6.181503
2048	32	6.163438
2048	32	6.169805
2048	32	6.170231
2048	32	6.173702
2048	32	6.166847
 
