512	4	3.392167
512	4	3.739043
512	4	3.923151
512	4	3.947977
512	4	3.952427
512	4	4.012696
512	4	3.679752
512	4	3.636714
512	4	2.971628
512	4	3.428920
512	4	3.278339
512	4	3.305963
512	4	3.417574
512	4	3.318846
512	4	3.469827
512	4	2.424279
512	4	3.411140
512	4	3.385954
512	4	3.134500
512	4	3.309365
512	4	2.876238
 
512	8	2.896081
512	8	2.907240
512	8	2.766024
512	8	3.294708
512	8	3.104708
512	8	3.389654
512	8	2.364647
512	8	2.211039
512	8	2.584561
512	8	1.838460
512	8	2.798026
512	8	1.838786
512	8	2.438043
512	8	2.298282
512	8	2.698803
512	8	2.528869
512	8	3.136658
512	8	3.051138
512	8	3.146295
512	8	2.769240
512	8	2.937427
 
512	16	2.508127
512	16	2.203266
512	16	1.943892
512	16	2.308635
512	16	2.390314
512	16	2.499139
512	16	2.323401
512	16	2.366930
512	16	1.933280
512	16	2.215719
512	16	2.218246
512	16	2.415765
512	16	2.134152
512	16	1.738850
512	16	1.589465
512	16	2.387370
512	16	2.334595
512	16	2.358653
512	16	2.413010
512	16	2.413571
512	16	2.417752
 
512	32	1.449141
512	32	1.464355
512	32	1.466659
512	32	1.468461
512	32	1.465331
512	32	1.475575
512	32	1.497796
512	32	1.486336
512	32	1.483173
512	32	1.277041
512	32	1.285343
512	32	1.302643
512	32	1.373125
512	32	1.326062
512	32	1.210663
512	32	1.296996
512	32	1.373437
512	32	1.354404
512	32	1.193468
512	32	1.409975
512	32	1.475216
 
